Episode : 1
불후의 명곡 : [1, 1, 2, 3, 3, 2, 2, 2, 0, 2, 1, 0, 1, 2, 1, 2, 3, 0, 2, 3, 0, 0, 3, 2, 0, 1, 0, 1, 3, 3, 3, 3, 0, 1, 1, 1, 3, 0, 2, 3, 2, 0, 0, 3, 1, 2, 1, 0, 3, 3, 2, 2, 2, 1, 3, 0, 0, 2, 2, 3, 0, 0, 2, 0, 1, 0, 0, 0, 1, 2, 0, 2, 0, 0, 3, 0, 0, 0]
생활의 달인 : [0, 1, 1, 2, 1, 2, 3, 1, 3, 0, 2, 3, 3, 1, 2, 3, 3, 3, 2, 2, 2, 3, 0, 2, 2, 0, 1, 2, 1, 3, 2, 0, 0, 2, 0, 1, 0, 0, 2, 3, 3, 3, 2, 2, 3, 3, 0, 1, 0, 2, 2, 1, 1, 0, 0, 0, 2, 3, 0, 1, 1, 3, 3, 3, 3, 0, 0, 0, 0, 0, 0, 0, 0, 0, 0]
옥탑방의 문제아들 : [2, 0, 1, 0, 3, 1, 3, 0, 0, 1, 3, 3, 1, 0, 2, 3, 0, 1, 0, 3, 1, 1, 2, 3, 1, 1, 3, 1, 0, 1, 1, 2, 3, 0, 1, 2, 3, 0, 0, 3, 1, 1, 2, 3, 3, 0, 1, 2, 1, 3, 0, 2, 1, 1, 3, 0, 3, 1, 2, 2, 2, 0, 0, 1, 0, 0, 0, 0, 0]
전지적 참견 시점 : [3, 2, 0, 2, 0, 0, 1, 0, 0, 3, 2, 0, 1, 2, 1, 3, 1, 3, 3, 2, 2, 1, 0, 1, 1, 2, 3, 2, 3, 1, 0, 3, 3, 0, 1, 3, 2, 2, 2, 0, 2, 1, 1, 2, 2, 3, 3, 0, 1, 0, 1, 2, 2, 0, 2, 2, 0, 2, 0, 3, 3, 0, 0, 0]
태종 이방원 : [3, 1, 2, 1, 0, 2, 2, 1, 0, 1, 1, 2, 3, 3, 3, 0, 2, 3, 1, 0, 3, 3, 2, 1, 0, 1, 1, 1, 1, 0, 3, 3, 0, 3, 3, 1, 1, 2, 2, 1, 1, 0, 0, 0, 2, 0, 1, 0, 0, 2, 2, 2, 2, 3, 1, 1, 3, 3, 3, 2, 0, 0, 3, 2, 0, 0, 0, 1, 3, 3, 2, 2, 1, 1, 1, 1, 0, 2, 0, 3, 2, 0, 0, 2, 2, 0, 2, 1, 1, 1, 1, 1, 0, 0, 3, 0, 0, 2, 2, 3, 0, 1, 0, 1, 0, 0, 1, 2, 0, 0, 1, 2, 2, 2, 1, 2, 2, 2, 2, 2, 0, 0, 0, 3, 3, 0, 0, 0, 0, 0, 0, 0, 0, 1, 1, 1]
현재는 아름다워 : [2, 0, 1, 1, 1, 1, 2, 3, 2, 2, 1, 3, 2, 1, 3, 0, 0, 2, 2, 1, 1, 3, 0, 2, 1, 0, 1, 1, 0, 3, 3, 3, 1, 2, 2, 3, 3, 2, 3, 2, 2, 1, 3, 1, 1, 1, 0, 1, 3, 0, 1, 3, 3, 3, 0, 1, 2, 3, 2, 0, 1, 2, 0, 3, 0, 0, 3, 2, 0, 3, 1, 0, 0, 3, 1, 3, 3, 0, 3, 3, 0, 0, 0]
사장님 귀는 당나귀 귀 : [3, 3, 3, 1, 3, 0, 3, 2, 3, 3, 3, 2, 2, 1, 2, 2, 2, 2, 3, 0, 1, 3, 1, 3, 1, 2, 3, 3, 3, 1, 1, 1, 3, 2, 0, 3, 0, 2, 0, 2, 1, 1, 2, 1, 3, 0, 3, 0, 1, 2, 1, 1, 2, 2, 1, 3, 1, 2, 2, 1, 1, 2, 0, 0, 3, 2, 0, 2, 1, 0, 2, 0, 3, 1, 1, 2, 2, 2, 1, 2, 1, 1, 2, 2, 1, 0, 0, 0, 1]
붉은 단심 : [2, 2, 2, 3, 0, 2, 0, 0, 0, 3, 0, 1, 2, 3, 0, 1, 3, 2, 1, 1, 3, 1, 0, 1, 0, 3, 3, 0, 1, 1, 1, 0, 1, 1, 0, 0, 2, 2, 3, 0, 1, 0, 0, 1, 1, 1, 2, 3, 2, 3, 0, 3, 2, 3, 1, 0, 3, 1, 2, 0, 1, 0, 2, 0, 2, 3, 0, 2, 3, 3, 0, 0, 2, 2, 0, 3, 2, 2, 2, 0, 2, 0, 1, 1, 3, 1, 0, 3, 3, 2, 0, 1, 3, 3, 2, 3, 3, 3, 3, 3, 0, 1, 0, 0, 3, 0, 2, 2, 1, 1, 3, 3, 3, 0, 0, 0, 0, 0, 0]
미운 우리 새끼 : [0, 1, 2, 3, 3, 2, 3, 3, 1, 0, 1, 0, 1, 0, 0, 2, 3, 2, 1, 1, 2, 1, 0, 1, 3, 1, 3, 2, 2, 1, 1, 3, 2, 1, 0, 0, 3, 0, 0, 1, 3, 3, 3, 0, 2, 2, 0, 1, 0, 3, 0, 0, 2, 2, 3, 0, 2, 3, 2, 3, 0, 3, 1, 2, 2, 3, 1, 1, 2, 1, 2, 2, 1, 1, 3, 3, 3, 2, 2, 0, 2, 3, 1, 0, 1, 2, 3, 0, 3, 1, 1, 0, 1, 2, 3, 0, 2, 2, 2, 1, 2, 2, 2, 2, 0, 2, 0, 1, 3, 3, 2, 0, 1, 1, 2, 1, 2, 2, 1, 0, 1, 2, 1, 0, 2, 0, 2, 2, 2, 1, 0, 0, 2, 3, 1, 1, 1, 1, 3, 3, 3, 3, 0, 0, 0, 0, 0, 0, 0, 1, 1]
자연의 철학자들 : [3, 3, 0, 3, 3, 3, 0, 2, 2, 2, 3, 2, 2, 3, 0, 0, 1, 2, 0, 1, 0, 3, 2, 3, 0, 1, 3, 0, 1, 0, 2, 3, 3, 2, 1, 2, 1, 2, 2, 2, 3, 3, 2, 2, 1, 2, 3, 1, 3, 2, 1, 3, 3, 3, 3, 2, 0, 1, 3, 2, 0, 0, 1, 1, 3, 0, 0, 0, 2, 3, 2, 3, 3, 0, 1, 1, 0, 0, 0, 0, 0, 0, 1]
걸어서 세계속으로 : [1, 3, 2, 3, 1, 2, 2, 3, 2, 0, 0, 2, 0, 1, 2, 2, 2, 3, 1, 3, 2, 2, 1, 2, 0, 0, 0, 1, 3, 3, 1, 1, 0, 3, 2, 0, 1, 1, 0, 2, 2, 1, 1, 0, 3, 2, 0, 3, 3, 3, 1, 3, 3, 3, 0, 2, 1, 0, 1, 0, 3, 2, 1, 2, 1, 2, 2, 2, 1, 0, 0, 0, 0, 1, 1]
이슈 Pick, 쌤과 함께 : [1, 1, 2, 1, 1, 2, 3, 2, 3, 3, 2, 3, 1, 2, 0, 1, 0, 0, 1, 2, 2, 3, 3, 0, 3, 1, 1, 0, 2, 1, 3, 3, 2, 1, 3, 3, 3, 2, 0, 3, 3, 3, 2, 2, 2, 0, 1, 3, 0, 0, 0, 0, 2, 2, 2, 2, 1, 3, 0, 1, 1, 3, 0, 0, 1, 1]
동상이몽 2 : [1, 3, 1, 3, 3, 2, 3, 0, 2, 2, 0, 2, 0, 3, 3, 0, 1, 0, 1, 1, 1, 3, 0, 3, 2, 0, 2, 2, 1, 2, 1, 2, 2, 3, 1, 3, 0, 2, 1, 1, 1, 2, 3, 0, 2, 3, 3, 3, 2, 2, 0, 2, 1, 1, 0, 2, 0, 1, 1, 0, 2, 1, 2, 1, 1, 3, 2, 0, 0, 3, 3, 0, 0]
집사부 일체 : [1, 3, 1, 2, 0, 0, 0, 1, 0, 2, 1, 3, 0, 3, 3, 1, 2, 1, 0, 2, 2, 1, 3, 0, 1, 3, 1, 1, 1, 1, 3, 2, 2, 0, 1, 3, 1, 1, 1, 0, 1, 1, 1, 0, 3, 2, 3, 3, 0]
역사저널 그날 : [3, 2, 0, 0, 2, 3, 0, 0, 3, 3, 3, 2, 3, 0, 1, 3, 3, 1, 0, 0, 0, 0, 3, 1, 3, 3, 0, 1, 3, 1, 2, 2, 0, 0, 2, 2, 0, 2, 2, 1, 0, 3, 3, 3, 1, 2, 1, 0, 1, 0, 0, 2, 3, 2, 3, 2, 1, 2, 2, 1, 2, 0, 0, 3, 1, 3, 0, 0]
신발 벗고 돌싱포맨 : [1, 0, 0, 2, 2, 3, 2, 1, 2, 0, 0, 2, 3, 1, 1, 3, 1, 0, 2, 2, 2, 2, 3, 1, 0, 3, 2, 3, 0, 2, 1, 0, 3, 3, 2, 2, 3, 0, 3, 1, 1, 3, 1, 0, 0, 1, 1, 1, 0, 0, 1, 0, 1, 2, 2, 3, 3, 3, 3, 1, 3, 1, 0, 3, 1, 0, 3, 2, 2, 2, 1, 0, 3, 2, 0, 1, 0, 0, 0, 3, 3, 2, 3, 2, 0, 3, 0, 2, 0, 0, 0, 3, 3, 3, 0, 0, 0, 2, 1, 1, 1, 2, 2, 0, 0, 0, 0, 0, 1, 3, 3, 3, 3, 3, 0, 0, 0, 0, 0, 0, 0, 0, 0]
1박 2일 시즌4 : [2, 0, 1, 3, 3, 0, 2, 3, 0, 3, 3, 2, 2, 1, 2, 2, 2, 2, 1, 3, 1, 3, 2, 0, 3, 1, 1, 3, 3, 0, 3, 1, 2, 3, 0, 1, 0, 2, 1, 0, 2, 1, 3, 0, 1, 1, 2, 0, 0, 3, 0, 1, 0, 1, 3, 1, 2, 2, 0, 2, 1, 3, 1, 2, 1, 0, 3, 3, 2, 3, 1, 1, 3, 3, 3, 1, 1, 1, 3, 1, 1, 3, 1, 0, 3, 1, 0, 1, 0, 0, 0, 3, 2, 1, 2, 0, 2, 2, 0, 3, 2, 1, 2, 2, 2, 2, 0, 0, 3, 1, 1, 3, 0, 0, 0, 0, 0, 0, 0, 0, 1, 1]
비밀의 집 : [2, 1, 0, 1, 2, 2, 1, 2, 2, 3, 3, 3, 3, 0, 1, 0, 3, 3, 0, 3, 0, 1, 0, 2, 2, 0, 3, 1, 1, 1, 1, 2, 0, 0, 3, 0, 0, 3, 0, 1, 2, 0, 0, 1, 0, 2, 3, 3, 3, 2, 3, 0, 1, 0, 2, 0, 2, 2, 0, 1, 0, 1, 2, 2, 1, 3, 2, 1, 3, 3, 0, 1, 1, 1, 2, 0, 3, 3, 1, 3, 1, 2, 0, 1, 1, 0, 2, 1, 2, 2, 2, 0]
동물의 왕국 : [3, 1, 3, 3, 3, 1, 1, 1, 3, 0, 0, 0, 2, 3, 1, 2, 3, 3, 3, 1, 3, 0, 0, 0, 2, 3, 1, 0, 1, 0, 1, 0, 3, 0, 2, 2, 3, 3, 0, 0, 0]
동물농장 : [3, 3, 3, 3, 0, 2, 3, 3, 1, 1, 3, 1, 1, 2, 3, 1, 2, 3, 1, 3, 3, 0, 3, 2, 3, 2, 2, 2, 1, 1, 0, 3, 0, 1, 2, 1, 0, 0, 1, 2, 0, 1, 3, 3, 1, 2, 2, 1, 3, 0, 3, 2, 2, 1, 1, 3, 3, 0, 0, 1, 2, 0, 0, 3, 3, 0, 0, 0, 0, 0]
복면가왕 : [3, 2, 3, 1, 3, 1, 0, 0, 1, 2, 0, 2, 2, 1, 2, 1, 3, 0, 0, 0, 1, 3, 0, 3, 1, 3, 0, 1, 3, 2, 2, 1, 0, 1, 3, 2, 0, 3, 0, 2, 0, 1, 1, 1, 2, 1, 1, 0, 2, 3, 1, 3, 1, 0, 1, 1, 1, 3, 0, 1, 2, 3, 2, 0, 1, 1, 1, 0, 0, 0, 2, 0]
놀면 뭐하니? : [3, 3, 2, 0, 1, 0, 3, 3, 0, 0, 0, 1, 2, 1, 0, 2, 1, 3, 3, 0, 3, 1, 3, 0, 1, 3, 0, 3, 1, 3, 1, 3, 1, 0, 2, 3, 2, 2, 3, 3, 3, 3, 3, 1, 2, 0, 1, 0, 1, 3, 1, 3, 0, 2, 2, 2, 1, 1, 0, 1, 0, 2, 3, 1, 1, 2, 2, 2, 2, 2, 0, 0, 3, 0]
살림하는 남자들 시즌2 : [1, 2, 1, 3, 1, 1, 3, 2, 1, 0, 1, 1, 3, 1, 0, 3, 3, 1, 3, 1, 3, 3, 3, 0, 1, 2, 3, 3, 2, 1, 2, 0, 3, 2, 0, 1, 0, 0, 2, 3, 0, 3, 2, 3, 3, 2, 0, 2, 3, 2, 1, 2, 2, 3, 1, 0, 3, 3, 3, 3, 2, 3, 3, 2, 1, 3, 3, 1, 3, 1, 3, 3, 2, 0, 2, 2, 1, 0, 0, 3, 0, 0, 0, 0, 0, 0, 0, 0]
코로나19 통합뉴스룸 : [1, 0, 3, 3, 0, 1, 2, 1, 2, 2, 2, 1]
크레이지 러브 : [3, 3, 3, 1, 0, 3, 0, 0, 0, 0, 2, 2, 0, 2, 3, 0]
노래가 좋아 : [0, 1, 1, 1, 1, 1, 3, 1, 2, 0, 0, 3, 0, 2, 3, 1, 1, 2, 2, 0, 0, 2, 2, 1, 2, 3, 2, 3, 3, 1, 1, 2, 1, 0, 2, 2, 3, 1, 0, 0, 0]
사랑의 꽈배기 : [3, 0, 1, 1, 3, 3, 0, 0, 0, 1, 2, 3, 1]
으라차차 내 인생 : [3, 0, 2, 3, 3, 1, 3, 0, 3, 2, 2, 3, 3, 0, 3, 0, 1, 0, 3, 3, 0, 2, 1, 2, 0, 2, 3, 3, 3, 0]
라디오스타 : [1, 3, 0, 2, 1, 1, 3, 3, 3, 3, 1, 1, 3, 0, 1, 3, 0, 1, 0, 3, 0, 3, 0, 0, 3, 2, 1, 0, 0, 0, 1, 2, 3, 1, 3, 0, 2, 3, 3, 3, 2, 3, 0, 2, 3, 3, 3, 3, 3, 1, 0, 0, 2, 3, 1, 0, 2, 0, 0, 3, 1, 3, 3, 2, 3, 0, 1, 0, 2, 3, 2, 0, 3, 2, 3, 3, 2, 3, 3, 0, 1, 0, 0, 2, 2, 3, 3, 1, 3, 0, 3, 3, 2, 0, 1, 0, 3, 0, 1, 0, 2, 2, 0, 2, 0, 0, 0, 0, 0, 0, 0, 0, 0, 0, 1]
시니어 토크쇼 황금연못 : [2, 3, 0, 0, 3, 3, 1, 1, 1, 1, 2, 1, 1, 0, 2, 3, 3, 2, 0, 0, 2, 2, 2, 1, 2, 2, 2, 1, 2, 0, 3, 3, 1, 0, 3, 0, 2, 2, 0, 0, 1, 2, 2, 1, 3, 3, 1, 2, 3, 3, 0, 1, 1, 0, 3, 1, 0, 0, 3, 1, 1, 3, 3, 1, 2, 2, 3, 3, 1, 2, 1, 0, 2, 2, 0, 0, 0, 0, 0]
일꾼의 탄생 : [1, 0, 3, 1, 1, 3, 2, 1, 0, 1, 3, 2, 0, 0, 0, 0, 0, 0, 0, 2, 3, 1, 0, 2, 3, 3, 3, 3, 3, 0, 0, 2, 3, 0, 2, 0, 2, 0, 3, 2, 1, 2, 0, 2, 2, 2, 1, 2, 2, 3, 1, 0, 2, 1, 0, 1, 1, 1, 3, 0, 1, 3, 0, 3, 3, 2, 1, 0, 2, 1, 1, 2, 1, 3, 3, 0, 1, 2, 0, 3, 3, 2, 2, 0, 3, 1, 0, 0, 2, 3, 1, 3, 3, 0, 0, 0, 0, 0, 1]
전국노래자랑 : [2, 1, 1, 2, 2, 0, 0, 2, 1, 0, 3, 1, 1, 0, 2, 1, 2, 1, 2, 3, 1, 2, 2, 2, 1, 1, 1, 2, 3, 0, 2, 1, 1, 0, 2, 0, 2, 2, 0, 2, 2, 1, 3, 1, 3, 1, 1, 3, 3, 1, 2, 3, 2, 3, 0, 0, 3, 3, 2, 0, 0, 0]
어게인 마이 라이프 : [3, 0, 2, 2, 2, 3, 3, 3, 0, 1, 3, 3, 2, 3, 2, 3, 0, 1, 0, 2, 2, 2, 3, 2, 1, 1, 2, 3, 3, 1, 2, 1, 1, 0, 0, 2, 0, 0, 1, 1, 0, 3, 1, 2, 2, 3, 0, 0, 0, 0, 3, 1, 0, 1, 3, 1, 1, 0, 2, 3, 2, 0, 1, 2, 3, 3, 0, 3, 1, 2, 1, 3, 2, 1, 3, 0, 1, 3, 2, 1, 0, 3, 2, 0, 0, 3, 3, 3, 0, 1, 3, 0, 1, 3, 0, 3, 0, 2, 3, 2, 2, 2, 1, 2, 1, 2, 1, 2, 1, 3, 1, 1, 1, 3, 0, 3, 3, 3, 0, 0, 3, 1, 0, 1, 2, 3, 3, 1, 2, 1, 2, 0, 0, 3, 0, 0]
순간포착 세상에 이런일이 : [0, 1, 1, 1, 2, 3, 0, 1, 0, 2, 2, 3, 2, 1, 0, 0, 1, 1, 2, 3, 3, 2, 1, 1, 1, 3, 3, 3, 0, 1, 3, 3, 1, 1, 1, 2, 1, 0, 2, 1, 1, 0, 3, 3, 0, 0, 3, 2, 2, 1, 1, 2, 0, 0, 2, 2, 0, 2, 1, 1, 0, 2, 3, 2, 3, 3, 1, 3, 1, 0, 2, 1, 1, 3, 2, 3, 0, 0, 3, 2, 1, 0, 0, 2, 1, 1, 0, 1, 3, 2, 2, 3, 3, 3, 3, 0, 1]
인간극장 : [3, 2, 2, 3, 2, 3, 2, 2, 2, 3, 0, 3, 3, 0, 0, 0, 2, 2, 3, 3, 1, 0, 3, 3, 0, 0, 1, 1, 0, 1, 3, 3, 1, 1, 1, 0, 0, 1, 2, 2, 2, 1, 3, 3, 2, 2, 3, 1, 1, 2, 3, 1, 0, 3, 2, 1, 3, 0, 3, 3, 0, 1, 3, 0, 2, 1]
Sunday_comedy3 : [1, 1, 1, 1, 1, 3, 1, 2, 0, 0, 1, 0, 3, 1, 0, 0, 3, 2, 1, 0, 3, 0, 0]
Tuesday_news3 : [2, 2, 2, 1, 0, 1, 3, 2, 0, 3, 1, 3, 0, 0, 0, 0]
Tuesday_comedy6 : [2, 1, 1, 1, 1, 0, 0, 0, 1, 3, 3, 0, 1, 0]
Sunday_drama5 : [2, 1, 3, 2, 2, 2, 0, 1, 1, 0, 0, 1, 3, 2, 0, 3, 3, 2, 0, 3, 3, 1, 1]
Tuesday_news_pop_8 : [0, 3, 0, 1, 0, 1, 0, 2, 0, 3, 1, 2, 2, 0, 2, 2, 2, 1, 3, 0, 3, 2, 0, 2, 2, 0, 1, 0, 3, 3, 3, 2, 2, 1, 3, 0, 2, 1, 2, 2, 3, 1, 3, 0, 2, 1, 2, 0, 1, 3, 3, 0, 2, 2, 3, 0, 0, 2, 3, 0, 0, 1, 0, 3, 1, 0, 0, 1, 0, 2, 2, 1, 1, 0, 1, 0, 0, 2, 0, 0, 0, 3, 0, 0, 0, 0, 0, 0]
Sunday_news6 : [3, 1, 2, 2, 0, 3, 3, 3, 0, 3, 1, 0, 2, 0, 0, 1]
Sunday_drama2 : [1, 1, 3, 1, 1, 2, 2, 3, 1, 0, 2, 2, 1, 1, 0, 1, 3, 3, 2, 0, 1, 3, 1, 0, 1, 1, 2, 2, 0, 0, 0, 1]
Tuesday_news5 : [1, 0, 1, 2, 1, 3, 0, 0, 0, 2, 1, 3, 2, 2, 1, 1, 0, 3, 0, 3, 0, 2, 2, 0, 0, 2]
Tuesday_news1 : [0, 0, 3, 1, 0, 3, 0, 2, 1, 3, 1, 1, 3, 0]
Tuesday_comedy2 : [3, 3, 1, 0, 0, 0, 1, 1, 0, 2, 3, 2, 0, 0]
Sunday_news5 : [3, 0, 2, 0, 2, 1, 0, 0, 2, 1, 0, 0, 1, 3, 2, 1, 1, 2, 3]
Sunday_comedy5 : [0, 1, 1, 1, 1, 0, 2, 2, 1, 3, 2, 2, 0, 0, 1, 0]
Tuesday_news4 : [3, 0, 1, 1, 1, 3, 2, 2, 1, 1, 1, 3, 1, 1, 1, 3, 0, 0, 2, 0]
Sunday_comedy2 : [0, 0, 0, 1, 2, 1, 1, 0, 3, 3, 1, 3, 2, 2, 1, 0, 1, 0, 0, 3, 0, 2, 0, 3, 0]
Tuesday_drama2 : [3, 2, 0, 2, 1, 1, 2, 0, 3, 3, 2, 2, 2, 0, 1, 2, 0, 1]
Tuesday_drama4 : [0, 1, 3, 2, 0, 0, 2, 1, 1, 1, 2, 2, 2, 1, 3, 0, 0, 1, 3, 0, 0]
Sunday_drama3 : [0, 3, 1, 2, 0, 3, 0, 3, 0, 2, 3, 1, 2, 0, 0]
Sunday_comedy1 : [3, 1, 1, 3, 2, 2, 3, 3, 2, 0, 1, 1, 2, 0, 0, 0, 1]
Sunday_news_pop_8 : [3, 1, 3, 1, 0, 1, 3, 3, 2, 1, 1, 1, 1, 3, 3, 0, 2, 0, 3, 1, 1, 3, 2, 1, 0, 0, 0, 1, 3, 3, 3, 2, 1, 1, 0, 2, 3, 1, 1, 2, 3, 3, 3, 3, 3, 1, 3, 0, 0, 3, 0, 1, 2, 3, 1, 0, 0, 0, 1, 3, 2, 0, 0, 1, 1, 1, 0, 0, 3, 1, 3, 2, 2, 1, 0, 0, 1, 3, 1, 3, 2, 3, 3, 1, 3, 3, 0, 1, 0, 0, 3, 1, 1, 2, 1, 3, 2, 0, 1, 2, 2, 3, 3, 3, 3, 1, 3, 0, 0, 0, 0, 0]
Sunday_news1 : [2, 0, 3, 0, 3, 1, 0, 0, 0, 3, 3, 0, 0, 1]
Tuesday_news6 : [1, 3, 1, 0, 1, 0, 1, 1, 3, 0, 3, 1, 3, 1, 3, 0, 3, 0, 1, 2]
Tuesday_comedy5 : [1, 0, 1, 2, 1, 2, 1, 2, 2, 1, 1, 1, 2, 2, 3, 3, 3, 2, 0, 2, 1, 3, 2, 0, 3, 0, 0]
Tuesday_drama5 : [0, 2, 2, 0, 1, 2, 3, 1, 2, 3, 0, 0, 1, 0, 0, 0]
Sunday_drama4 : [2, 1, 2, 1, 3, 2, 3, 3, 0, 1, 2, 1, 1, 2, 0, 2, 2, 0, 2, 3, 1, 3, 0, 0, 3, 2, 2, 1, 0, 0, 0]
Sunday_news2 : [1, 0, 1, 0, 2, 2, 2, 2, 1, 0, 3, 3, 2, 3, 0, 3, 1, 1, 1, 3, 0, 0, 2, 0, 3, 3, 1, 2, 1, 3, 0, 0, 0, 0]
Tuesday_comedy3 : [0, 0, 0, 2, 3, 0, 3, 2, 3, 2, 3, 2, 1, 0, 2, 3, 3, 0]
Tuesday_drama3 : [0, 1, 3, 1, 3, 2, 2, 1, 1, 0]
Sunday_comedy6 : [1, 0, 2, 1, 0, 0, 0, 0, 0, 2, 1, 1, 2, 1, 1, 1, 1, 3, 3, 0, 0]
Tuesday_news2 : [1, 2, 1, 2, 1, 0, 0, 2, 2, 3, 1, 0, 0, 3, 2, 0, 0, 2, 2, 2, 0, 3, 0, 0, 1]
Tuesday_drama1 : [1, 0, 0, 1, 3, 3, 2, 1, 2, 1, 1, 3, 2, 3, 0, 2, 3, 0, 3]
Sunday_news3 : [0, 0, 1, 3, 3, 3, 0, 2, 3, 0, 1, 0, 0, 0, 0, 0]
Sunday_news_pop_7.6 : [3, 0, 0, 3, 1, 0, 2, 1, 2, 1, 3, 0, 3, 2, 3, 0, 2, 1, 0, 0, 0, 3, 3, 2, 0, 0, 3, 0, 1, 3, 0, 2, 3, 2, 2, 1, 2, 2, 2, 2, 2, 1, 2, 0, 2, 2, 1, 3, 0, 3, 1, 2, 2, 3, 3, 3, 3, 0, 2, 1, 0, 2, 0, 0, 1, 2, 0, 0, 2, 0, 3, 3, 3, 1, 2, 2, 3, 1, 1, 2, 1, 0, 0, 3, 0, 0, 2, 2, 0, 1, 3, 0, 0, 0, 0, 0, 0, 0, 1]
Tuesday_comedy1 : [3, 2, 3, 1, 2, 1, 1, 3, 2, 2, 1, 1]
Sunday_drama1 : [1, 1, 2, 2, 2, 1, 2, 2, 0, 1, 3, 0, 1, 2, 0, 0, 1, 0, 0]
Sunday_comedy4 : [0, 3, 0, 2, 0, 0, 0, 1, 0, 0, 2, 0, 3]
Sunday_news4 : [1, 2, 0, 3, 2, 0, 2, 3, 0, 3, 0, 3, 0, 0, 0, 0, 2, 3, 1, 1, 1]
Tuesday_drama6 : [2, 0, 3, 3, 0, 1, 2, 1, 1, 3, 0, 2, 1, 0, 1, 2, 2, 0, 1]
Tuesday_comedy4 : [2, 2, 2, 1, 3, 2, 0, 0, 3, 0, 1, 0, 3, 1, 3, 2, 1, 1, 0]
Sunday_drama6 : [0, 0, 2, 0, 3, 3, 0, 2, 1, 2, 1, 0, 2, 3, 0, 1, 1, 1]
Tuesday_news_pop_7.6 : [3, 3, 0, 3, 1, 0, 3, 1, 3, 0, 0, 1, 1, 1, 2, 2, 0, 3, 1, 1, 3, 1, 0, 3, 0, 3, 2, 3, 0, 3, 2, 0, 1, 3, 1, 0, 0, 1, 0, 3, 3, 2, 3, 0, 3, 2, 0, 3, 3, 2, 0, 1, 2, 0, 3, 2, 3, 2, 1, 0, 1, 3, 2, 2, 2, 1, 0, 3, 2, 2, 2, 2, 0, 1, 2, 0, 3, 0, 3, 2, 2, 2, 0, 0, 2, 1, 2, 3, 1, 1, 0, 0, 1, 0, 3, 1, 2, 3, 2, 1, 3, 3, 3, 1, 3, 2, 1, 0, 1, 3, 3, 3, 0, 0, 1, 1, 1]
Friday_news_pop_7.6 : [2, 3, 1, 0, 3, 1, 2, 1, 1, 2, 0, 2, 0, 0, 0, 0, 3, 0, 3, 0, 2, 1, 1, 1, 2, 3, 0, 2, 3, 0, 1, 1, 0, 0, 1, 2, 2, 0, 3, 3, 3, 3, 3, 1, 2, 0, 1, 3, 3, 0, 1, 1, 3, 3, 1, 2, 0, 0, 3, 1, 3, 0, 0, 3, 3, 3, 2, 1, 2, 3, 0, 3, 0, 2, 1, 3, 1, 1, 1, 0, 3, 1, 1, 2, 2, 3, 2, 3, 0, 2, 2, 2, 2, 2, 2, 0, 1, 0, 0, 0, 0, 0, 0]
Friday_news1 : [0, 3, 2, 1, 0, 1, 0, 1, 1, 0, 2]
Friday_drama2 : [0, 2, 0, 3, 3, 2, 2, 3, 0, 0, 0, 0, 2, 3, 0, 2, 3, 1, 1, 2, 3, 1, 0]
Friday_comedy1 : [0, 1, 1, 1, 1, 1, 3, 3, 0, 2, 2, 1, 1, 0]
Friday_news3 : [3, 2, 2, 2, 0, 0, 3, 2, 1, 2, 3, 0, 0, 3, 3, 0, 0]
Friday_drama6 : [0, 3, 2, 3, 2, 2, 0, 2, 3, 2, 2, 1, 3, 0]
Friday_drama3 : [3, 2, 1, 3, 0, 3, 1, 3, 0, 2, 3, 2, 3, 1, 1, 1, 3, 1]
Friday_comedy2 : [0, 3, 1, 0, 2, 3, 2, 2, 0, 2, 3, 0, 1, 2, 3, 2, 0, 0, 1, 3, 0, 0, 1]
Friday_comedy6 : [0, 2, 3, 1, 1, 2, 3, 2, 2, 2, 0, 3, 0]
Friday_drama4 : [3, 1, 3, 0, 0, 2, 0, 0, 0, 1, 2, 2, 2, 2, 1, 3, 2, 0, 3, 1, 1, 0, 2, 3, 3, 0, 0, 1]
Friday_news5 : [0, 0, 1, 1, 1, 2, 3, 3, 3, 2, 2, 1, 1, 1, 3, 0, 3, 0, 1, 3, 1, 0, 0, 0, 1]
Friday_news2 : [3, 2, 0, 2, 2, 0, 2, 2, 0, 1, 3, 2, 2, 3, 2, 3, 1, 1, 3, 0, 0]
Friday_comedy4 : [2, 1, 1, 3, 3, 0, 2, 0, 0, 1, 3, 3, 0, 0, 0, 0, 2, 2, 2, 3, 0, 0]
Friday_news4 : [2, 3, 2, 0, 0, 0, 3, 3, 2, 1, 1, 3, 3, 3, 0, 0]
Friday_comedy5 : [0, 2, 3, 3, 1, 2, 0, 1, 3, 2, 0, 0, 1, 3, 3, 0, 0]
Friday_comedy3 : [2, 1, 2, 2, 3, 3, 0, 2, 2, 3, 1, 0, 2, 2, 2, 0, 0, 0, 3, 2, 2, 2, 0, 2, 0]
Friday_news_pop_8 : [2, 3, 2, 3, 3, 1, 0, 1, 3, 2, 1, 1, 0, 1, 1, 0, 3, 3, 2, 3, 0, 1, 0, 2, 1, 2, 2, 1, 0, 1, 0, 3, 3, 3, 0, 3, 2, 2, 2, 2, 0, 0, 2, 3, 3, 3, 1, 1, 2, 1, 1, 2, 2, 0, 1, 1, 2, 0, 3, 0, 3, 0, 1, 1, 3, 1, 0, 1, 3, 1, 1, 0, 2, 0, 3, 0, 2, 3, 0, 1, 0, 1, 2, 1, 2, 0, 0, 0, 0, 0, 0, 3, 0, 3, 3, 0, 2, 2, 2, 3, 3, 2, 2, 0, 0, 0, 3, 3, 3, 0, 0, 0, 0, 0, 0, 0, 0]
Friday_news6 : [1, 1, 0, 0, 2, 2, 3, 3, 2, 2, 1, 0]
Friday_drama1 : [0, 0, 0, 0, 3, 0, 3, 2, 2, 2, 3, 0, 0, 3, 3, 1, 2, 2, 1, 2, 2, 3, 2, 2, 3, 0, 2, 3, 1, 0, 1, 0, 1, 0, 3, 3, 1]
Friday_drama5 : [0, 1, 3, 2, 1, 3, 3, 0, 2, 3, 1, 0, 0, 0, 2, 2, 0]
Monday_news_pop_7.6 : [0, 0, 3, 2, 0, 0, 0, 0, 1, 0, 1, 0, 2, 3, 0, 0, 3, 2, 2, 0, 3, 0, 1, 1, 2, 1, 0, 1, 1, 1, 3, 3, 0, 1, 1, 1, 2, 1, 0, 2, 1, 0, 1, 1, 2, 0, 3, 1, 0, 2, 0, 1, 2, 3, 0, 2, 0, 1, 0, 0, 2, 3, 2, 2, 3, 0, 3, 0, 3, 1, 1, 2, 1, 2, 3, 0, 1, 1, 0, 3, 1, 0, 2, 0, 2, 2, 0, 0, 0, 0, 3, 3, 0, 0, 0, 0, 0, 0, 0, 1]
Monday_drama5 : [0, 2, 0, 2, 1, 1, 1, 2, 1, 3, 3, 2, 0, 3, 1, 0, 1, 3, 3, 1, 1, 2, 0]
Monday_comedy4 : [1, 2, 1, 1, 2, 2, 1, 0, 1, 1, 2, 0, 1, 0, 0, 3, 0, 0]
Monday_drama3 : [2, 2, 1, 0, 0, 2, 0, 3, 3, 3, 2, 1, 0, 1, 2, 1, 0]
Monday_comedy2 : [1, 3, 3, 1, 1, 0, 1, 3, 2, 2, 2, 2, 3, 0, 0, 2, 2, 0, 3, 3, 0]
Monday_drama2 : [0, 3, 2, 0, 3, 1, 0, 3, 3, 3, 0, 0, 3, 2, 2, 3, 1, 1, 1, 0]
Monday_drama1 : [3, 0, 1, 2, 2, 3, 1, 1, 0, 1, 0, 3, 1, 1, 1, 1, 1, 2, 0, 2, 0, 0, 0, 0, 0]
Monday_comedy1 : [0, 3, 2, 3, 1, 3, 2, 0, 3, 0, 3, 1, 0, 3, 0, 1, 3, 1]
Monday_drama6 : [3, 1, 2, 0, 3, 3, 3, 1, 3, 0, 0, 1, 3, 2, 0, 0]
Monday_comedy6 : [3, 2, 3, 1, 1, 1, 2, 1, 2, 1, 1, 3, 0, 3, 3, 2, 0, 1, 2]
Monday_news6 : [2, 0, 0, 1, 3, 0, 0, 3, 1, 0, 0, 2, 2, 0, 2, 3, 2, 0, 1]
Monday_news2 : [1, 3, 3, 3, 3, 1, 1, 0, 2, 0, 0, 1, 0, 1, 2, 1, 0, 2, 3, 0]
Monday_news_pop_8 : [2, 2, 3, 0, 3, 3, 1, 1, 2, 1, 2, 2, 0, 2, 2, 0, 3, 2, 0, 2, 0, 1, 3, 1, 2, 3, 2, 3, 0, 2, 2, 2, 1, 3, 0, 3, 1, 0, 0, 1, 3, 3, 3, 3, 3, 1, 1, 2, 0, 2, 2, 2, 2, 2, 1, 2, 0, 0, 2, 3, 0, 1, 0, 3, 2, 0, 3, 0, 2, 3, 0, 0, 1, 3, 3, 0, 0, 2, 2, 1, 1, 1, 0, 2, 3, 3, 0, 1, 3, 3, 2, 1, 3, 1, 3, 2, 0, 2, 0, 3, 2, 1, 2, 2, 2, 2, 2, 2, 3, 0, 0, 1, 1, 0, 0, 0, 0, 0, 0, 1]
Monday_comedy3 : [0, 0, 2, 3, 3, 1, 3, 1, 0, 3, 1, 2, 0, 0, 2, 3, 1, 0, 3, 3, 3, 2, 3, 0, 0]
Monday_news4 : [1, 2, 1, 1, 2, 0, 1, 1, 1, 0, 3, 0, 0]
Monday_comedy5 : [0, 1, 2, 0, 0, 1, 1, 2, 3, 3, 3, 2, 2, 2, 1, 0, 2, 0, 1, 0, 1]
Monday_news1 : [2, 2, 2, 2, 3, 3, 3, 0, 2, 1, 1, 3, 2, 3, 3, 0, 2, 2, 2, 0]
Monday_news5 : [0, 2, 0, 2, 1, 0, 0, 2, 2, 3, 1, 3, 2, 2, 0, 0, 0, 0, 0]
Monday_news3 : [0, 2, 3, 1, 1, 2, 1, 1, 2, 3, 3, 3, 1, 1, 2]
Monday_drama4 : [1, 3, 3, 1, 2, 3, 1, 0, 1, 1, 3, 0, 2, 1, 2, 3, 2, 2, 3, 1, 0, 1, 3, 2, 2, 2, 0, 3, 0]
Thursday_comedy4 : [0, 3, 0, 3, 2, 1, 1, 3, 2, 1, 0, 0, 2, 1, 0]
Thursday_drama5 : [1, 1, 1, 2, 3, 2, 3, 2, 0, 0, 2, 1, 2, 3, 3, 0]
Thursday_news_pop_8 : [1, 2, 2, 1, 3, 0, 2, 2, 3, 3, 1, 0, 2, 1, 1, 1, 0, 0, 0, 1, 3, 3, 0, 2, 3, 2, 3, 2, 0, 3, 1, 3, 2, 0, 2, 2, 2, 2, 3, 1, 3, 2, 0, 3, 0, 3, 3, 2, 2, 1, 3, 2, 1, 2, 0, 1, 2, 3, 0, 0, 3, 1, 1, 3, 0, 3, 0, 2, 3, 1, 0, 3, 3, 0, 0, 2, 3, 0, 1, 1, 3, 2, 3, 1, 2, 1, 0, 0, 2, 0, 0, 0, 3, 3, 3, 0, 0, 0, 0, 0, 1, 1]
Thursday_news1 : [3, 1, 3, 2, 1, 2, 1, 2, 2, 1, 1, 1, 2, 0, 3, 2, 3, 1, 0, 1, 3, 0, 0, 1]
Thursday_drama6 : [2, 1, 3, 3, 3, 3, 1, 1, 3, 0, 1, 1, 1, 0, 0, 3, 3, 1, 1]
Thursday_comedy3 : [3, 0, 2, 1, 0, 0, 3, 3, 1, 0, 2, 3, 1, 2, 2, 2, 2, 3]
Thursday_drama3 : [2, 0, 1, 1, 2, 1, 1, 2, 3, 0, 0]
Thursday_drama2 : [0, 3, 0, 2, 1, 1, 1, 0, 2, 3, 1, 1, 0, 2, 2, 3, 3, 0, 0]
Thursday_news2 : [3, 0, 2, 1, 2, 0, 1, 1, 2, 3, 1, 1, 1, 0, 0, 1, 2, 1, 2, 1, 1, 2, 3, 0]
Thursday_comedy1 : [2, 1, 0, 2, 3, 3, 3, 3, 0, 0, 3]
Thursday_news4 : [2, 2, 0, 0, 2, 0, 3, 0, 0, 3, 1, 3, 0, 0]
Thursday_drama4 : [1, 0, 2, 3, 3, 3, 1, 3, 1, 3, 0, 1, 2, 0, 1]
Thursday_drama1 : [2, 0, 1, 1, 2, 0, 3, 3, 3, 0, 3, 0, 2, 3, 0, 0]
Thursday_comedy2 : [3, 3, 2, 3, 0, 0, 2, 3, 1, 2, 2, 0, 3, 3, 1, 0, 3, 2, 3, 3, 2, 3, 0]
Thursday_news6 : [1, 0, 1, 3, 1, 3, 1, 0, 0, 1]
Thursday_news_pop_7.6 : [0, 1, 1, 1, 1, 0, 3, 3, 1, 0, 3, 2, 0, 0, 3, 1, 3, 2, 2, 0, 0, 3, 2, 0, 3, 0, 0, 1, 1, 3, 3, 1, 0, 3, 3, 2, 2, 0, 1, 2, 1, 2, 1, 1, 2, 1, 3, 2, 3, 0, 0, 2, 1, 3, 1, 1, 3, 0, 1, 3, 1, 2, 1, 0, 3, 1, 2, 1, 0, 2, 0, 1, 1, 1, 1, 1, 3, 2, 0, 1, 2, 2, 2, 3, 1, 3, 1, 3, 1, 0, 3, 2, 2, 3, 1, 0, 0, 0, 1, 1]
Thursday_news3 : [0, 2, 1, 2, 3, 2, 3, 0, 3, 3, 3, 2, 0, 3]
Thursday_news5 : [0, 1, 3, 3, 3, 2, 3, 3, 1, 1, 0, 3, 3, 2, 3, 0, 0, 2, 2, 0, 1, 1, 1, 3]
Thursday_comedy6 : [0, 3, 1, 1, 1, 3, 1, 2, 0, 2, 3]
Thursday_comedy5 : [0, 1, 3, 0, 0, 3, 3, 3, 1, 1, 3, 0, 2, 1, 3, 0, 3, 3, 3, 3, 2, 2, 2, 0]
Wednesday_drama1 : [3, 0, 1, 2, 2, 2, 1, 1, 0, 3, 3, 0, 3, 3, 2, 3, 1, 0, 3, 2, 3, 0, 0, 2, 1, 1, 2, 2, 0, 0, 0]
Wednesday_news_pop_7.6 : [1, 2, 2, 2, 1, 1, 1, 2, 3, 3, 0, 2, 0, 2, 2, 3, 2, 1, 1, 2, 0, 3, 0, 3, 2, 1, 1, 1, 0, 2, 3, 0, 1, 2, 1, 0, 1, 2, 2, 0, 0, 2, 0, 2, 3, 0, 3, 2, 1, 2, 1, 3, 1, 0, 1, 0, 1, 2, 0, 0, 1, 3, 1, 0, 0, 1, 3, 0, 2, 2, 2, 3, 1, 2, 0, 1, 1, 2, 0, 0, 2, 2, 3, 0, 0, 0, 1, 3, 3, 0, 0, 0, 0, 0, 0, 0, 1, 1]
Wednesday_news6 : [0, 3, 2, 3, 0, 0, 2, 1, 3, 1, 3, 3]
Wednesday_drama5 : [2, 0, 3, 1, 3, 3, 2, 1, 0, 0, 2, 0, 2, 3]
Wednesday_comedy6 : [1, 1, 0, 1, 2, 0, 1, 2, 0, 0, 2, 2, 0, 3, 0, 0, 0, 1, 0, 2, 3, 1, 1, 2, 0]
Wednesday_news_pop_8 : [3, 0, 3, 0, 2, 1, 2, 3, 1, 3, 1, 0, 1, 1, 0, 1, 0, 2, 2, 3, 2, 3, 3, 1, 3, 0, 1, 2, 2, 3, 3, 0, 3, 1, 1, 2, 2, 1, 3, 0, 2, 2, 0, 0, 3, 1, 1, 0, 0, 2, 3, 0, 0, 1, 1, 2, 0, 1, 2, 3, 3, 1, 3, 3, 2, 2, 2, 3, 0, 1, 2, 3, 0, 3, 2, 1, 2, 3, 3, 3, 3, 2, 2, 2, 0, 3, 3, 0, 0, 0, 0, 0]
Wednesday_comedy3 : [2, 2, 0, 2, 3, 3, 0, 2, 1, 1, 0, 0, 1, 2, 2, 2, 0, 2, 0, 2, 3, 0, 0, 1, 0]
Wednesday_comedy4 : [3, 3, 0, 2, 2, 2, 3, 1, 1, 0, 2, 3, 1, 0, 0]
Wednesday_news4 : [3, 1, 3, 2, 1, 3, 2, 1, 3, 1, 1]
Wednesday_drama4 : [0, 2, 3, 1, 3, 2, 2, 3, 2, 2, 2, 2, 1, 1, 0, 2, 2, 0, 2, 1, 3, 3, 1, 3, 2, 3, 0]
Wednesday_news2 : [0, 1, 1, 0, 3, 1, 1, 1, 0, 1, 3, 1, 2, 3, 3, 0, 1, 3, 0, 1]
Wednesday_drama6 : [0, 2, 1, 1, 3, 0, 2, 2, 2, 2, 0, 0, 2, 0, 3, 3, 0, 3, 0, 1]
Wednesday_news3 : [0, 0, 0, 1, 2, 2, 3, 0, 2, 0, 1, 0, 0, 0]
Wednesday_news5 : [2, 1, 2, 3, 1, 2, 2, 0, 1, 2, 2, 2, 1, 0, 0, 2, 2, 2, 0, 2, 0, 0, 1, 1]
Wednesday_drama2 : [0, 3, 0, 2, 3, 1, 1, 0, 3, 1, 3, 2, 1, 0, 1, 0, 0, 0, 2, 0]
Wednesday_comedy1 : [1, 3, 1, 0, 1, 2, 1, 3, 3, 1, 1, 1, 2, 2, 1, 0, 0]
Wednesday_drama3 : [2, 0, 1, 0, 1, 3, 1, 3, 0, 1, 0, 0, 1]
Wednesday_comedy2 : [1, 2, 2, 2, 0, 2, 2, 1, 1, 1, 0, 0, 2, 0, 2, 0, 1, 2, 3, 1, 2]
Wednesday_news1 : [2, 0, 3, 1, 0, 3, 0, 1, 0, 1, 0, 3, 3, 3, 3, 2, 3, 0, 0]
Wednesday_comedy5 : [3, 0, 1, 0, 3, 2, 1, 0, 3, 0, 1, 1, 2, 1, 0, 0, 3, 2, 0, 1, 3, 2, 3, 3, 1, 0, 1]
Saturday_drama2 : [2, 1, 3, 1, 3, 2, 2, 1, 3, 0, 2, 2, 0, 1]
Saturday_comedy1 : [2, 0, 0, 2, 2, 0, 0, 3, 3, 0, 2, 2, 3, 1, 1, 2, 1, 0, 3]
Saturday_drama1 : [1, 1, 3, 0, 1, 2, 3, 1, 2, 3, 2, 2, 3, 2, 2, 2, 1, 1, 2, 2, 0, 2, 2, 3, 1, 3, 0]
Saturday_drama5 : [2, 1, 1, 1, 3, 1, 2, 2, 3, 2, 2, 3, 1, 2, 2, 2, 2, 1, 3, 1, 3, 0, 0]
Saturday_news3 : [2, 1, 1, 1, 2, 3, 1, 1, 0, 3, 0, 0, 2, 0, 2, 0, 0]
Saturday_comedy6 : [0, 1, 0, 0, 0, 1, 3, 0, 3, 3, 2, 2, 2, 3, 3, 0, 3, 0, 2, 3, 1, 0]
Saturday_drama6 : [1, 1, 3, 3, 3, 1, 0, 2, 0, 3, 3, 0]
Saturday_comedy2 : [2, 0, 2, 0, 2, 0, 0, 2, 2, 2, 3, 3, 1, 0, 2, 2, 0, 1, 2, 2, 2, 2, 0, 2]
Saturday_news6 : [3, 3, 3, 2, 3, 3, 3, 3, 0, 0]
Saturday_news1 : [0, 2, 0, 0, 3, 2, 0, 3, 3, 0, 1, 3, 0]
Saturday_comedy3 : [1, 2, 0, 2, 3, 0, 3, 0, 1, 1, 3, 0, 3, 2, 2, 2, 2, 2, 2, 0, 3, 0]
Saturday_news2 : [3, 1, 2, 2, 2, 1, 2, 3, 1, 3, 2, 0, 1, 2, 3, 1, 1, 2, 3, 0]
Saturday_comedy5 : [2, 0, 3, 3, 1, 2, 1, 3, 1, 0, 2, 2, 1, 3, 1, 3, 3, 2, 1, 2, 1, 2, 0, 3, 0, 1, 1, 1]
Saturday_news5 : [3, 3, 1, 0, 0, 0, 2, 0, 1, 1, 3, 3, 3, 2, 1, 3, 2, 2, 0, 2, 1]
Saturday_drama3 : [2, 2, 1, 1, 3, 1, 0, 1, 0, 2, 0, 0]
Saturday_news_pop_7.6 : [2, 2, 2, 2, 3, 0, 0, 2, 1, 0, 2, 0, 1, 0, 3, 3, 3, 0, 2, 1, 2, 1, 2, 3, 2, 0, 0, 1, 0, 1, 0, 2, 1, 3, 1, 0, 2, 1, 2, 3, 1, 2, 0, 3, 1, 3, 1, 0, 0, 3, 2, 3, 1, 3, 3, 0, 0, 0, 2, 0, 3, 2, 2, 2, 0, 0, 2, 0, 0, 2, 3, 1, 2, 1, 2, 3, 1, 0, 0, 3, 0, 0, 1, 2, 0, 2, 2, 2, 0, 1, 0, 0, 0, 0, 0, 0]
Saturday_comedy4 : [3, 3, 0, 3, 3, 2, 2, 1, 3, 2, 0, 2, 3, 0, 3, 1, 1, 2, 0, 0, 0, 1]
Saturday_news_pop_8 : [3, 0, 2, 0, 0, 2, 3, 2, 1, 1, 1, 3, 3, 1, 1, 2, 3, 3, 0, 0, 0, 3, 2, 2, 1, 3, 3, 3, 0, 2, 3, 1, 0, 1, 1, 3, 1, 3, 0, 3, 0, 0, 1, 0, 1, 0, 2, 0, 0, 2, 3, 0, 0, 3, 2, 2, 3, 0, 3, 2, 2, 1, 0, 1, 2, 2, 3, 2, 0, 2, 1, 1, 3, 2, 0, 1, 0, 1, 0, 1, 3, 1, 2, 3, 3, 0, 3, 2, 1, 0, 2, 3, 0, 1, 0, 1, 2, 3, 3, 2, 1, 3, 2, 2, 2, 3, 2, 0, 0, 0, 0, 0, 0, 1, 3, 3, 0, 0]
Saturday_news4 : [1, 2, 0, 2, 3, 0, 2, 3, 2, 1, 0, 2, 3, 1, 0, 1, 3, 0]
Saturday_drama4 : [0, 2, 3, 0, 2, 2, 2, 2, 0, 3, 2, 3, 0, 0, 2, 1, 0, 0, 0, 0, 2, 0, 3, 1, 3, 2, 3, 1, 2, 1, 0, 0]
TV 동물농장 : [1, 3, 1, 0, 1, 2, 0, 0, 0, 3, 0, 1, 0, 1, 0, 0, 3, 2, 1, 0, 2, 0, 3, 2, 2, 1, 3, 3, 3, 3, 2, 3, 2, 0, 3, 0, 3, 2, 0, 1, 0, 3, 3, 1, 2, 1, 0, 2, 3, 3, 2, 0, 1, 3, 0, 1, 1, 2, 3, 1, 3, 2, 1, 1, 1, 0, 1, 2, 3, 2, 3, 1, 0, 3, 0, 1, 1, 1, 3, 3, 3, 1, 1, 1, 1, 0, 3, 2, 0, 1, 2, 2, 2, 2, 0, 0, 0, 0, 0, 0, 0]
KBS 뉴스 9 : [2, 3, 3, 3, 0, 0, 3, 3, 2, 1, 0, 3, 2, 0, 2, 2, 0, 3, 1, 0, 0, 0, 1, 1]
골 때리는 그녀들 : [3, 0, 3, 3, 2, 3, 1, 2, 1, 2, 2, 0, 3, 0, 3, 1, 0, 2, 2, 2, 3, 0, 3, 0, 1, 3, 0, 2, 2, 2, 0, 1, 1, 3, 3, 0, 1, 3, 3, 0, 0, 0, 1, 3, 1, 2, 1, 1, 2, 3, 3, 2, 3, 3, 0, 1, 1, 2, 0, 3, 1, 3, 3, 0, 3, 2, 3, 3, 3, 1, 2, 2, 3, 3, 1, 2, 3, 3, 0, 2, 1, 1, 2, 1, 2, 2, 3, 3, 2, 0, 0, 2, 0, 0, 2, 2, 0, 0, 3, 3, 0, 1, 3, 0, 2, 2, 2, 2, 2, 0, 0, 0, 3, 1, 3, 3, 3, 3, 3, 0, 0, 0, 0, 0, 0, 0, 0, 0, 0]
나 혼자 산다 : [3, 1, 3, 0, 0, 2, 2, 1, 3, 3, 0, 2, 3, 2, 1, 0, 3, 1, 0, 3, 2, 3, 3, 1, 0, 2, 3, 1, 0, 3, 3, 2, 0, 3, 0, 3, 2, 0, 0, 0, 1, 1, 1, 2, 1, 2, 0, 1, 3, 2, 3, 3, 0, 1, 3, 2, 2, 0, 2, 2, 3, 2, 3, 1, 2, 3, 1, 1, 1, 3, 1, 1, 0, 2, 3, 2, 1, 3, 3, 0, 0, 2, 1, 2, 0, 2, 1, 3, 0, 3, 1, 2, 1, 2, 0, 3, 1, 2, 0, 1, 0, 2, 1, 2, 3, 2, 2, 2, 0, 1, 2, 2, 2, 0, 0, 0, 3, 3, 0, 0, 0, 0, 0, 0, 0, 1, 1]
